================================================================================
Request Frequency Impact Analysis
================================================================================


Configuration: tp1_dp4
--------------------------------------------------------------------------------

ttft_ms:
  Request Freq (req/min) | Mean Value
  ----------------------------------------
                  40.0 |      41.81
                  96.6 |      44.07
                 160.8 |      40.94
                 239.4 |      40.98
                 318.4 |      41.89
                 318.4 |      41.95
                 398.2 |      42.37
                 398.2 |      43.44
                 481.8 |     108.93
                 560.2 |     128.93
                 806.8 |      45.74
                 970.2 |      49.13

tpot_ms:
  Request Freq (req/min) | Mean Value
  ----------------------------------------
                  40.0 |      14.26
                  96.6 |      15.51
                 160.8 |      14.68
                 239.4 |      14.04
                 318.4 |      14.65
                 318.4 |      13.89
                 398.2 |      13.84
                 398.2 |      14.04
                 481.8 |      13.68
                 560.2 |      14.75
                 806.8 |      12.66
                 970.2 |      13.60

e2e_latency_ms:
  Request Freq (req/min) | Mean Value
  ----------------------------------------
                  40.0 |    1088.17
                  96.6 |    1337.12
                 160.8 |    1257.15
                 239.4 |    1140.75
                 318.4 |    1256.40
                 318.4 |    1219.24
                 398.2 |    1166.77
                 398.2 |    1232.18
                 481.8 |    1138.22
                 560.2 |    1275.21
                 806.8 |    1047.89
                 970.2 |    1114.71

queued_time_ms:
  Request Freq (req/min) | Mean Value
  ----------------------------------------
                  40.0 |       0.20
                  96.6 |       0.17
                 160.8 |       0.16
                 239.4 |       0.14
                 318.4 |       0.10
                 318.4 |       0.10
                 398.2 |       0.10
                 398.2 |       0.10
                 481.8 |       0.09
                 560.2 |       0.09
                 806.8 |       0.05
                 970.2 |       0.06

Configuration: tp2_dp2
--------------------------------------------------------------------------------

ttft_ms:
  Request Freq (req/min) | Mean Value
  ----------------------------------------
                  40.0 |      34.41
                  96.6 |      37.40
                 160.8 |      40.60
                 239.4 |      42.75
                 318.4 |      43.32
                 318.4 |      42.86
                 398.2 |      45.51
                 398.2 |      45.53
                 481.8 |    1943.19
                 560.2 |    1577.55
                 806.8 |      46.57
                 970.2 |      45.64

tpot_ms:
  Request Freq (req/min) | Mean Value
  ----------------------------------------
                  40.0 |      14.01
                  96.6 |      15.56
                 160.8 |      15.94
                 239.4 |      16.84
                 318.4 |      15.92
                 318.4 |      13.93
                 398.2 |      15.63
                 398.2 |      16.19
                 481.8 |      16.23
                 560.2 |      14.28
                 806.8 |      15.54
                 970.2 |      15.29

e2e_latency_ms:
  Request Freq (req/min) | Mean Value
  ----------------------------------------
                  40.0 |    1046.57
                  96.6 |    1197.58
                 160.8 |    1269.53
                 239.4 |    1303.74
                 318.4 |    1200.66
                 318.4 |    1163.55
                 398.2 |    1299.12
                 398.2 |    1268.32
                 481.8 |    2855.99
                 560.2 |    2357.40
                 806.8 |    1294.91
                 970.2 |    1220.97

queued_time_ms:
  Request Freq (req/min) | Mean Value
  ----------------------------------------
                  40.0 |       0.19
                  96.6 |       0.14
                 160.8 |       0.10
                 239.4 |       0.09
                 318.4 |       0.06
                 318.4 |       0.07
                 398.2 |       0.04
                 398.2 |       0.05
                 481.8 |       0.05
                 560.2 |       0.02
                 806.8 |       0.01
                 970.2 |       0.02

Configuration: tp4_dp1
--------------------------------------------------------------------------------

ttft_ms:
  Request Freq (req/min) | Mean Value
  ----------------------------------------
                  40.0 |      26.22
                  96.6 |      33.10
                 160.8 |      28.62
                 239.4 |      29.77
                 318.4 |      28.67
                 318.4 |      28.70
                 398.2 |      31.28
                 398.2 |      30.16
                 481.8 |   47875.10
                 560.2 |   76187.43
                 806.8 |      28.57
                 970.2 |      27.57

tpot_ms:
  Request Freq (req/min) | Mean Value
  ----------------------------------------
                  40.0 |      11.62
                  96.6 |      15.35
                 160.8 |      11.79
                 239.4 |      12.97
                 318.4 |      11.82
                 318.4 |      12.08
                 398.2 |      13.77
                 398.2 |      13.34
                 481.8 |      11.84
                 560.2 |      11.82
                 806.8 |      12.25
                 970.2 |      11.60

e2e_latency_ms:
  Request Freq (req/min) | Mean Value
  ----------------------------------------
                  40.0 |     626.17
                  96.6 |     822.97
                 160.8 |     637.79
                 239.4 |     693.87
                 318.4 |     641.11
                 318.4 |     658.06
                 398.2 |     735.58
                 398.2 |     715.81
                 481.8 |   48485.06
                 560.2 |   76797.16
                 806.8 |     652.26
                 970.2 |     620.33

queued_time_ms:
  Request Freq (req/min) | Mean Value
  ----------------------------------------
                  40.0 |       0.10
                  96.6 |       0.03
                 160.8 |       0.05
                 239.4 |       0.03
                 318.4 |       0.07
                 318.4 |       0.03
                 398.2 |       0.02
                 398.2 |       0.00
                 481.8 |       0.10
                 560.2 |       0.04
                 806.8 |       0.06
                 970.2 |       0.02
